{
 "metadata": {
  "kernelspec": {
   "display_name": "Python 3 (ipykernel)",
   "language": "python",
   "name": "python3"
  },
  "language_info": {
   "name": "python",
   "version": "3.10.14",
   "mimetype": "text/x-python",
   "codemirror_mode": {
    "name": "ipython",
    "version": 3
   },
   "pygments_lexer": "ipython3",
   "nbconvert_exporter": "python",
   "file_extension": ".py"
  }
 },
 "nbformat_minor": 5,
 "nbformat": 4,
 "cells": [
  {
   "id": "8c0bad64-faf8-4a5d-ae50-b9044d7ef20c",
   "cell_type": "markdown",
   "source": "# Functions and Imports - no pyiron dependence",
   "metadata": {}
  },
  {
   "id": "28a9f0ec",
   "cell_type": "code",
   "source": [
    "from h5io_browser.base import read_dict_from_hdf, list_hdf, write_dict_to_hdf\n",
    "import os"
   ],
   "metadata": {
    "trusted": true
   },
   "outputs": [],
   "execution_count": 1
  },
  {
   "id": "bdf5f095-968f-4da6-b271-e3220683441c",
   "cell_type": "code",
   "source": "from pyiron_io import convert_lammps_job_dict",
   "metadata": {
    "trusted": true
   },
   "outputs": [],
   "execution_count": 2
  },
  {
   "id": "29298d61-4d86-4392-8e01-60fd7f8bc364",
   "cell_type": "code",
   "source": "def get_node_from_job_dict(job_dict, node):\n    node_name_lst = node.split(\"/\")\n    tmp_dict = job_dict\n    for group in node_name_lst:\n        tmp_dict = tmp_dict[group]\n    return tmp_dict",
   "metadata": {
    "trusted": true
   },
   "outputs": [],
   "execution_count": 3
  },
  {
   "id": "c14198a4-2324-4bb6-bff8-fcc5818dcdfc",
   "cell_type": "markdown",
   "source": "# Create LAMMPS job",
   "metadata": {}
  },
  {
   "id": "ffd464bb",
   "cell_type": "code",
   "source": "from pyiron_atomistics import Project",
   "metadata": {
    "trusted": true
   },
   "outputs": [],
   "execution_count": 4
  },
  {
   "id": "0d95fc61",
   "cell_type": "code",
   "source": "pr = Project(\"test\")",
   "metadata": {
    "trusted": true
   },
   "outputs": [],
   "execution_count": 5
  },
  {
   "id": "64427095",
   "cell_type": "code",
   "source": "pr.remove_jobs(recursive=True, silently=True)",
   "metadata": {
    "trusted": true
   },
   "outputs": [
    {
     "output_type": "display_data",
     "data": {
      "text/plain": "0it [00:00, ?it/s]",
      "application/vnd.jupyter.widget-view+json": {
       "version_major": 2,
       "version_minor": 0,
       "model_id": "3726dc66f51b4d068f5a8cd33a7d3709"
      }
     },
     "metadata": {}
    }
   ],
   "execution_count": 6
  },
  {
   "id": "09b53d07",
   "cell_type": "code",
   "source": "structure = pr.create.structure.ase.bulk(\"Al\", cubic=True)",
   "metadata": {
    "trusted": true
   },
   "outputs": [],
   "execution_count": 7
  },
  {
   "id": "264e6228",
   "cell_type": "code",
   "source": "structure.set_repeat([9,9,9])",
   "metadata": {
    "trusted": true
   },
   "outputs": [
    {
     "name": "stderr",
     "text": "/tmp/ipykernel_834/461746984.py:1: DeprecationWarning: pyiron_atomistics.atomistics.structure.atoms.set_repeat is deprecated: Use Atoms.repeat.\n  structure.set_repeat([9,9,9])\n",
     "output_type": "stream"
    }
   ],
   "execution_count": 8
  },
  {
   "id": "c2be1def",
   "cell_type": "code",
   "source": "len(structure)",
   "metadata": {
    "trusted": true
   },
   "outputs": [
    {
     "execution_count": 9,
     "output_type": "execute_result",
     "data": {
      "text/plain": "2916"
     },
     "metadata": {}
    }
   ],
   "execution_count": 9
  },
  {
   "id": "e26dd327",
   "cell_type": "code",
   "source": "job = pr.create.job.Lammps(\"lmp\")",
   "metadata": {
    "trusted": true
   },
   "outputs": [],
   "execution_count": 10
  },
  {
   "id": "f29a4da4",
   "cell_type": "code",
   "source": "job.structure =structure",
   "metadata": {
    "trusted": true
   },
   "outputs": [],
   "execution_count": 11
  },
  {
   "id": "b5e9c630",
   "cell_type": "code",
   "source": "job.potential = '2002--Mishin-Y--Ni-Al--LAMMPS--ipr1'",
   "metadata": {
    "trusted": true
   },
   "outputs": [],
   "execution_count": 12
  },
  {
   "id": "d3dad632",
   "cell_type": "code",
   "source": "job.calc_md(n_ionic_steps=1000, n_print=10, temperature=500.0)",
   "metadata": {
    "trusted": true
   },
   "outputs": [],
   "execution_count": 13
  },
  {
   "id": "97a17236",
   "cell_type": "code",
   "source": "job.run()",
   "metadata": {
    "trusted": true
   },
   "outputs": [
    {
     "name": "stdout",
     "text": "The job lmp was saved and received the ID: 1\n",
     "output_type": "stream"
    }
   ],
   "execution_count": 14
  },
  {
   "id": "f2ee05b2-b077-4d3a-a90c-84c82b1f33ff",
   "cell_type": "markdown",
   "source": "# Read job dictionary",
   "metadata": {}
  },
  {
   "id": "466a6a56-9433-49af-b1f2-30ce67715cc5",
   "cell_type": "code",
   "source": [
    "job_dict = read_dict_from_hdf(\n",
    "    file_name=job.project_hdf5.file_name,\n",
    "    h5_path=\"/\",\n",
    "    recursive=True,\n",
    "    slash='ignore',\n",
    ")"
   ],
   "metadata": {
    "trusted": true
   },
   "outputs": [],
   "execution_count": 15
  },
  {
   "id": "321a8031-a7c8-45f7-97d6-154ec3b8bc40",
   "cell_type": "markdown",
   "source": "# Dataclasses",
   "metadata": {}
  },
  {
   "id": "b93bb423-4418-42a8-801d-bce647815aaf",
   "cell_type": "code",
   "source": "convert_lammps_job_dict(job_dict[job.job_name])",
   "metadata": {
    "trusted": true
   },
   "outputs": [
    {
     "execution_count": 16,
     "output_type": "execute_result",
     "data": {
      "text/plain": "LammpsJob(calculation_input=LammpsInput(generic_dict=GenericDict(restart_file_list=[], restart_file_dict={}, exclude_nodes_hdf=[], exclude_groups_hdf=[]), interactive=Interactive(interactive_flush_frequency=10000, interactive_write_frequency=10000), generic=GenericInput(calc_mode='md', structure='atoms', fix_symmetry=None, k_mesh_spacing=None, k_mesh_center_shift=None, reduce_kpoint_symmetry=None, restart_for_band_structure=None, path_name=None, n_path=None, fix_spin_constraint=None, max_iter=None, temperature=500.0, n_ionic_steps=1000, n_print=10, temperature_damping_timescale=100.0, pressure_damping_timescale=1000.0, time_step=1), structure=Structure(dimension=3, indices=array([0, 0, 0, ..., 0, 0, 0]), info={}, positions=array([[ 0.   ,  0.   ,  0.   ],\n       [ 0.   ,  2.025,  2.025],\n       [ 2.025,  0.   ,  2.025],\n       ...,\n       [32.4  , 34.425, 34.425],\n       [34.425, 32.4  , 34.425],\n       [34.425, 34.425, 32.4  ]]), species=['Al'], cell=Cell(cell=array([[36.45,  0.  ,  0.  ],\n       [ 0.  , 36.45,  0.  ],\n       [ 0.  ,  0.  , 36.45]]), pbc=array([ True,  True,  True])), units=Units(length='A', mass='u')), potential=LammpsPotential(citation=\"[{'Mishin_2002': {'title': 'Embedded-atom potential for B2-NiAl', 'journal': 'Physical Review B', 'volume': '65', 'pages': '224114', 'number': '22', 'doi': '10.1103/physrevb.65.224114', 'publisher': 'American Physical Society (APS)', 'url': 'https://doi.org/10.1103%2Fphysrevb.65.224114', 'year': '2002', 'author': ['Y. Mishin', 'M. J. Mehl', 'D. A. Papaconstantopoulos']}}]\", config=['pair_style eam/alloy\\n', 'pair_coeff * * NiAl02.eam.alloy Ni Al\\n'], filename=['potential_LAMMPS/2002--Mishin-Y--Ni-Al--LAMMPS--ipr1/NiAl02.eam.alloy'], model='NISTiprpy', name='2002--Mishin-Y--Ni-Al--LAMMPS--ipr1', species=['Ni', 'Al']), input_files=LammpsInputFiles(control_inp='units metal\\ndimension 3\\nboundary p p p\\natom_style atomic\\nread_data structure.inp\\ninclude potential.inp\\nfix ensemble all nvt temp 500.0 500.0 0.1\\nvariable dumptime  equal 10 \\nvariable thermotime  equal 10 \\ntimestep 0.001\\nvelocity all create 1000.0 61040 dist gaussian\\ndump 1 all custom ${dumptime} dump.out id type xsu ysu zsu fx fy fz vx vy vz\\ndump_modify 1 sort id format line \"%d %d %20.15g %20.15g %20.15g %20.15g %20.15g %20.15g %20.15g %20.15g %20.15g\"\\nthermo_style custom step temp pe etotal pxx pxy pxz pyy pyz pzz vol\\nthermo_modify format float %20.15g\\nthermo ${thermotime}\\nrun 1000', potential_inp='pair_style eam/alloy\\npair_coeff * * NiAl02.eam.alloy Ni Al')), executable=Executable(version='2020.03.03', name='lammps', operation_system_nt=False, executable=None, mpi=False, accepted_return_codes=[0]), server=Server(user='pyiron', host='jupyter-pyiron-2ddev-2dpyiron-2dhdf5-2dformat-2dhrkn2dg5', run_mode='modal', queue=None, qid=None, cores=1, threads=1, new_h5=True, structure_id=None, run_time=None, memory_limit=None, accept_crash=False), calculation_output=LammpsOutput(generic=GenericOutput(cells=<Quantity([[[3.64500000e+01 2.23191879e-15 2.23191879e-15]\n  [0.00000000e+00 3.64500000e+01 2.23191879e-15]\n  [0.00000000e+00 0.00000000e+00 3.64500000e+01]]\n\n [[3.64500000e+01 2.23191879e-15 2.23191879e-15]\n  [0.00000000e+00 3.64500000e+01 2.23191879e-15]\n  [0.00000000e+00 0.00000000e+00 3.64500000e+01]]\n\n [[3.64500000e+01 2.23191879e-15 2.23191879e-15]\n  [0.00000000e+00 3.64500000e+01 2.23191879e-15]\n  [0.00000000e+00 0.00000000e+00 3.64500000e+01]]\n\n [[3.64500000e+01 2.23191879e-15 2.23191879e-15]\n  [0.00000000e+00 3.64500000e+01 2.23191879e-15]\n  [0.00000000e+00 0.00000000e+00 3.64500000e+01]]\n\n [[3.64500000e+01 2.23191879e-15 2.23191879e-15]\n  [0.00000000e+00 3.64500000e+01 2.23191879e-15]\n  [0.00000000e+00 0.00000000e+00 3.64500000e+01]]\n\n [[3.64500000e+01 2.23191879e-15 2.23191879e-15]\n  [0.00000000e+00 3.64500000e+01 2.23191879e-15]\n  [0.00000000e+00 0.00000000e+00 3.64500000e+01]]\n\n [[3.64500000e+01 2.23191879e-15 2.23191879e-15]\n  [0.00000000e+00 3.64500000e+01 2.23191879e-15]\n  [0.00000000e+00 0.00000000e+00 3.64500000e+01]]\n\n [[3.64500000e+01 2.23191879e-15 2.23191879e-15]\n  [0.00000000e+00 3.64500000e+01 2.23191879e-15]\n  [0.00000000e+00 0.00000000e+00 3.64500000e+01]]\n\n [[3.64500000e+01 2.23191879e-15 2.23191879e-15]\n  [0.00000000e+00 3.64500000e+01 2.23191879e-15]\n  [0.00000000e+00 0.00000000e+00 3.64500000e+01]]\n\n [[3.64500000e+01 2.23191879e-15 2.23191879e-15]\n  [0.00000000e+00 3.64500000e+01 2.23191879e-15]\n  [0.00000000e+00 0.00000000e+00 3.64500000e+01]]\n\n [[3.64500000e+01 2.23191879e-15 2.23191879e-15]\n  [0.00000000e+00 3.64500000e+01 2.23191879e-15]\n  [0.00000000e+00 0.00000000e+00 3.64500000e+01]]\n\n [[3.64500000e+01 2.23191879e-15 2.23191879e-15]\n  [0.00000000e+00 3.64500000e+01 2.23191879e-15]\n  [0.00000000e+00 0.00000000e+00 3.64500000e+01]]\n\n [[3.64500000e+01 2.23191879e-15 2.23191879e-15]\n  [0.00000000e+00 3.64500000e+01 2.23191879e-15]\n  [0.00000000e+00 0.00000000e+00 3.64500000e+01]]\n\n [[3.64500000e+01 2.23191879e-15 2.23191879e-15]\n  [0.00000000e+00 3.64500000e+01 2.23191879e-15]\n  [0.00000000e+00 0.00000000e+00 3.64500000e+01]]\n\n [[3.64500000e+01 2.23191879e-15 2.23191879e-15]\n  [0.00000000e+00 3.64500000e+01 2.23191879e-15]\n  [0.00000000e+00 0.00000000e+00 3.64500000e+01]]\n\n [[3.64500000e+01 2.23191879e-15 2.23191879e-15]\n  [0.00000000e+00 3.64500000e+01 2.23191879e-15]\n  [0.00000000e+00 0.00000000e+00 3.64500000e+01]]\n\n [[3.64500000e+01 2.23191879e-15 2.23191879e-15]\n  [0.00000000e+00 3.64500000e+01 2.23191879e-15]\n  [0.00000000e+00 0.00000000e+00 3.64500000e+01]]\n\n [[3.64500000e+01 2.23191879e-15 2.23191879e-15]\n  [0.00000000e+00 3.64500000e+01 2.23191879e-15]\n  [0.00000000e+00 0.00000000e+00 3.64500000e+01]]\n\n [[3.64500000e+01 2.23191879e-15 2.23191879e-15]\n  [0.00000000e+00 3.64500000e+01 2.23191879e-15]\n  [0.00000000e+00 0.00000000e+00 3.64500000e+01]]\n\n [[3.64500000e+01 2.23191879e-15 2.23191879e-15]\n  [0.00000000e+00 3.64500000e+01 2.23191879e-15]\n  [0.00000000e+00 0.00000000e+00 3.64500000e+01]]\n\n [[3.64500000e+01 2.23191879e-15 2.23191879e-15]\n  [0.00000000e+00 3.64500000e+01 2.23191879e-15]\n  [0.00000000e+00 0.00000000e+00 3.64500000e+01]]\n\n [[3.64500000e+01 2.23191879e-15 2.23191879e-15]\n  [0.00000000e+00 3.64500000e+01 2.23191879e-15]\n  [0.00000000e+00 0.00000000e+00 3.64500000e+01]]\n\n [[3.64500000e+01 2.23191879e-15 2.23191879e-15]\n  [0.00000000e+00 3.64500000e+01 2.23191879e-15]\n  [0.00000000e+00 0.00000000e+00 3.64500000e+01]]\n\n [[3.64500000e+01 2.23191879e-15 2.23191879e-15]\n  [0.00000000e+00 3.64500000e+01 2.23191879e-15]\n  [0.00000000e+00 0.00000000e+00 3.64500000e+01]]\n\n [[3.64500000e+01 2.23191879e-15 2.23191879e-15]\n  [0.00000000e+00 3.64500000e+01 2.23191879e-15]\n  [0.00000000e+00 0.00000000e+00 3.64500000e+01]]\n\n [[3.64500000e+01 2.23191879e-15 2.23191879e-15]\n  [0.00000000e+00 3.64500000e+01 2.23191879e-15]\n  [0.00000000e+00 0.00000000e+00 3.64500000e+01]]\n\n [[3.64500000e+01 2.23191879e-15 2.23191879e-15]\n  [0.00000000e+00 3.64500000e+01 2.23191879e-15]\n  [0.00000000e+00 0.00000000e+00 3.64500000e+01]]\n\n [[3.64500000e+01 2.23191879e-15 2.23191879e-15]\n  [0.00000000e+00 3.64500000e+01 2.23191879e-15]\n  [0.00000000e+00 0.00000000e+00 3.64500000e+01]]\n\n [[3.64500000e+01 2.23191879e-15 2.23191879e-15]\n  [0.00000000e+00 3.64500000e+01 2.23191879e-15]\n  [0.00000000e+00 0.00000000e+00 3.64500000e+01]]\n\n [[3.64500000e+01 2.23191879e-15 2.23191879e-15]\n  [0.00000000e+00 3.64500000e+01 2.23191879e-15]\n  [0.00000000e+00 0.00000000e+00 3.64500000e+01]]\n\n [[3.64500000e+01 2.23191879e-15 2.23191879e-15]\n  [0.00000000e+00 3.64500000e+01 2.23191879e-15]\n  [0.00000000e+00 0.00000000e+00 3.64500000e+01]]\n\n [[3.64500000e+01 2.23191879e-15 2.23191879e-15]\n  [0.00000000e+00 3.64500000e+01 2.23191879e-15]\n  [0.00000000e+00 0.00000000e+00 3.64500000e+01]]\n\n [[3.64500000e+01 2.23191879e-15 2.23191879e-15]\n  [0.00000000e+00 3.64500000e+01 2.23191879e-15]\n  [0.00000000e+00 0.00000000e+00 3.64500000e+01]]\n\n [[3.64500000e+01 2.23191879e-15 2.23191879e-15]\n  [0.00000000e+00 3.64500000e+01 2.23191879e-15]\n  [0.00000000e+00 0.00000000e+00 3.64500000e+01]]\n\n [[3.64500000e+01 2.23191879e-15 2.23191879e-15]\n  [0.00000000e+00 3.64500000e+01 2.23191879e-15]\n  [0.00000000e+00 0.00000000e+00 3.64500000e+01]]\n\n [[3.64500000e+01 2.23191879e-15 2.23191879e-15]\n  [0.00000000e+00 3.64500000e+01 2.23191879e-15]\n  [0.00000000e+00 0.00000000e+00 3.64500000e+01]]\n\n [[3.64500000e+01 2.23191879e-15 2.23191879e-15]\n  [0.00000000e+00 3.64500000e+01 2.23191879e-15]\n  [0.00000000e+00 0.00000000e+00 3.64500000e+01]]\n\n [[3.64500000e+01 2.23191879e-15 2.23191879e-15]\n  [0.00000000e+00 3.64500000e+01 2.23191879e-15]\n  [0.00000000e+00 0.00000000e+00 3.64500000e+01]]\n\n [[3.64500000e+01 2.23191879e-15 2.23191879e-15]\n  [0.00000000e+00 3.64500000e+01 2.23191879e-15]\n  [0.00000000e+00 0.00000000e+00 3.64500000e+01]]\n\n [[3.64500000e+01 2.23191879e-15 2.23191879e-15]\n  [0.00000000e+00 3.64500000e+01 2.23191879e-15]\n  [0.00000000e+00 0.00000000e+00 3.64500000e+01]]\n\n [[3.64500000e+01 2.23191879e-15 2.23191879e-15]\n  [0.00000000e+00 3.64500000e+01 2.23191879e-15]\n  [0.00000000e+00 0.00000000e+00 3.64500000e+01]]\n\n [[3.64500000e+01 2.23191879e-15 2.23191879e-15]\n  [0.00000000e+00 3.64500000e+01 2.23191879e-15]\n  [0.00000000e+00 0.00000000e+00 3.64500000e+01]]\n\n [[3.64500000e+01 2.23191879e-15 2.23191879e-15]\n  [0.00000000e+00 3.64500000e+01 2.23191879e-15]\n  [0.00000000e+00 0.00000000e+00 3.64500000e+01]]\n\n [[3.64500000e+01 2.23191879e-15 2.23191879e-15]\n  [0.00000000e+00 3.64500000e+01 2.23191879e-15]\n  [0.00000000e+00 0.00000000e+00 3.64500000e+01]]\n\n [[3.64500000e+01 2.23191879e-15 2.23191879e-15]\n  [0.00000000e+00 3.64500000e+01 2.23191879e-15]\n  [0.00000000e+00 0.00000000e+00 3.64500000e+01]]\n\n [[3.64500000e+01 2.23191879e-15 2.23191879e-15]\n  [0.00000000e+00 3.64500000e+01 2.23191879e-15]\n  [0.00000000e+00 0.00000000e+00 3.64500000e+01]]\n\n [[3.64500000e+01 2.23191879e-15 2.23191879e-15]\n  [0.00000000e+00 3.64500000e+01 2.23191879e-15]\n  [0.00000000e+00 0.00000000e+00 3.64500000e+01]]\n\n [[3.64500000e+01 2.23191879e-15 2.23191879e-15]\n  [0.00000000e+00 3.64500000e+01 2.23191879e-15]\n  [0.00000000e+00 0.00000000e+00 3.64500000e+01]]\n\n [[3.64500000e+01 2.23191879e-15 2.23191879e-15]\n  [0.00000000e+00 3.64500000e+01 2.23191879e-15]\n  [0.00000000e+00 0.00000000e+00 3.64500000e+01]]\n\n [[3.64500000e+01 2.23191879e-15 2.23191879e-15]\n  [0.00000000e+00 3.64500000e+01 2.23191879e-15]\n  [0.00000000e+00 0.00000000e+00 3.64500000e+01]]\n\n [[3.64500000e+01 2.23191879e-15 2.23191879e-15]\n  [0.00000000e+00 3.64500000e+01 2.23191879e-15]\n  [0.00000000e+00 0.00000000e+00 3.64500000e+01]]\n\n [[3.64500000e+01 2.23191879e-15 2.23191879e-15]\n  [0.00000000e+00 3.64500000e+01 2.23191879e-15]\n  [0.00000000e+00 0.00000000e+00 3.64500000e+01]]\n\n [[3.64500000e+01 2.23191879e-15 2.23191879e-15]\n  [0.00000000e+00 3.64500000e+01 2.23191879e-15]\n  [0.00000000e+00 0.00000000e+00 3.64500000e+01]]\n\n [[3.64500000e+01 2.23191879e-15 2.23191879e-15]\n  [0.00000000e+00 3.64500000e+01 2.23191879e-15]\n  [0.00000000e+00 0.00000000e+00 3.64500000e+01]]\n\n [[3.64500000e+01 2.23191879e-15 2.23191879e-15]\n  [0.00000000e+00 3.64500000e+01 2.23191879e-15]\n  [0.00000000e+00 0.00000000e+00 3.64500000e+01]]\n\n [[3.64500000e+01 2.23191879e-15 2.23191879e-15]\n  [0.00000000e+00 3.64500000e+01 2.23191879e-15]\n  [0.00000000e+00 0.00000000e+00 3.64500000e+01]]\n\n [[3.64500000e+01 2.23191879e-15 2.23191879e-15]\n  [0.00000000e+00 3.64500000e+01 2.23191879e-15]\n  [0.00000000e+00 0.00000000e+00 3.64500000e+01]]\n\n [[3.64500000e+01 2.23191879e-15 2.23191879e-15]\n  [0.00000000e+00 3.64500000e+01 2.23191879e-15]\n  [0.00000000e+00 0.00000000e+00 3.64500000e+01]]\n\n [[3.64500000e+01 2.23191879e-15 2.23191879e-15]\n  [0.00000000e+00 3.64500000e+01 2.23191879e-15]\n  [0.00000000e+00 0.00000000e+00 3.64500000e+01]]\n\n [[3.64500000e+01 2.23191879e-15 2.23191879e-15]\n  [0.00000000e+00 3.64500000e+01 2.23191879e-15]\n  [0.00000000e+00 0.00000000e+00 3.64500000e+01]]\n\n [[3.64500000e+01 2.23191879e-15 2.23191879e-15]\n  [0.00000000e+00 3.64500000e+01 2.23191879e-15]\n  [0.00000000e+00 0.00000000e+00 3.64500000e+01]]\n\n [[3.64500000e+01 2.23191879e-15 2.23191879e-15]\n  [0.00000000e+00 3.64500000e+01 2.23191879e-15]\n  [0.00000000e+00 0.00000000e+00 3.64500000e+01]]\n\n [[3.64500000e+01 2.23191879e-15 2.23191879e-15]\n  [0.00000000e+00 3.64500000e+01 2.23191879e-15]\n  [0.00000000e+00 0.00000000e+00 3.64500000e+01]]\n\n [[3.64500000e+01 2.23191879e-15 2.23191879e-15]\n  [0.00000000e+00 3.64500000e+01 2.23191879e-15]\n  [0.00000000e+00 0.00000000e+00 3.64500000e+01]]\n\n [[3.64500000e+01 2.23191879e-15 2.23191879e-15]\n  [0.00000000e+00 3.64500000e+01 2.23191879e-15]\n  [0.00000000e+00 0.00000000e+00 3.64500000e+01]]\n\n [[3.64500000e+01 2.23191879e-15 2.23191879e-15]\n  [0.00000000e+00 3.64500000e+01 2.23191879e-15]\n  [0.00000000e+00 0.00000000e+00 3.64500000e+01]]\n\n [[3.64500000e+01 2.23191879e-15 2.23191879e-15]\n  [0.00000000e+00 3.64500000e+01 2.23191879e-15]\n  [0.00000000e+00 0.00000000e+00 3.64500000e+01]]\n\n [[3.64500000e+01 2.23191879e-15 2.23191879e-15]\n  [0.00000000e+00 3.64500000e+01 2.23191879e-15]\n  [0.00000000e+00 0.00000000e+00 3.64500000e+01]]\n\n [[3.64500000e+01 2.23191879e-15 2.23191879e-15]\n  [0.00000000e+00 3.64500000e+01 2.23191879e-15]\n  [0.00000000e+00 0.00000000e+00 3.64500000e+01]]\n\n [[3.64500000e+01 2.23191879e-15 2.23191879e-15]\n  [0.00000000e+00 3.64500000e+01 2.23191879e-15]\n  [0.00000000e+00 0.00000000e+00 3.64500000e+01]]\n\n [[3.64500000e+01 2.23191879e-15 2.23191879e-15]\n  [0.00000000e+00 3.64500000e+01 2.23191879e-15]\n  [0.00000000e+00 0.00000000e+00 3.64500000e+01]]\n\n [[3.64500000e+01 2.23191879e-15 2.23191879e-15]\n  [0.00000000e+00 3.64500000e+01 2.23191879e-15]\n  [0.00000000e+00 0.00000000e+00 3.64500000e+01]]\n\n [[3.64500000e+01 2.23191879e-15 2.23191879e-15]\n  [0.00000000e+00 3.64500000e+01 2.23191879e-15]\n  [0.00000000e+00 0.00000000e+00 3.64500000e+01]]\n\n [[3.64500000e+01 2.23191879e-15 2.23191879e-15]\n  [0.00000000e+00 3.64500000e+01 2.23191879e-15]\n  [0.00000000e+00 0.00000000e+00 3.64500000e+01]]\n\n [[3.64500000e+01 2.23191879e-15 2.23191879e-15]\n  [0.00000000e+00 3.64500000e+01 2.23191879e-15]\n  [0.00000000e+00 0.00000000e+00 3.64500000e+01]]\n\n [[3.64500000e+01 2.23191879e-15 2.23191879e-15]\n  [0.00000000e+00 3.64500000e+01 2.23191879e-15]\n  [0.00000000e+00 0.00000000e+00 3.64500000e+01]]\n\n [[3.64500000e+01 2.23191879e-15 2.23191879e-15]\n  [0.00000000e+00 3.64500000e+01 2.23191879e-15]\n  [0.00000000e+00 0.00000000e+00 3.64500000e+01]]\n\n [[3.64500000e+01 2.23191879e-15 2.23191879e-15]\n  [0.00000000e+00 3.64500000e+01 2.23191879e-15]\n  [0.00000000e+00 0.00000000e+00 3.64500000e+01]]\n\n [[3.64500000e+01 2.23191879e-15 2.23191879e-15]\n  [0.00000000e+00 3.64500000e+01 2.23191879e-15]\n  [0.00000000e+00 0.00000000e+00 3.64500000e+01]]\n\n [[3.64500000e+01 2.23191879e-15 2.23191879e-15]\n  [0.00000000e+00 3.64500000e+01 2.23191879e-15]\n  [0.00000000e+00 0.00000000e+00 3.64500000e+01]]\n\n [[3.64500000e+01 2.23191879e-15 2.23191879e-15]\n  [0.00000000e+00 3.64500000e+01 2.23191879e-15]\n  [0.00000000e+00 0.00000000e+00 3.64500000e+01]]\n\n [[3.64500000e+01 2.23191879e-15 2.23191879e-15]\n  [0.00000000e+00 3.64500000e+01 2.23191879e-15]\n  [0.00000000e+00 0.00000000e+00 3.64500000e+01]]\n\n [[3.64500000e+01 2.23191879e-15 2.23191879e-15]\n  [0.00000000e+00 3.64500000e+01 2.23191879e-15]\n  [0.00000000e+00 0.00000000e+00 3.64500000e+01]]\n\n [[3.64500000e+01 2.23191879e-15 2.23191879e-15]\n  [0.00000000e+00 3.64500000e+01 2.23191879e-15]\n  [0.00000000e+00 0.00000000e+00 3.64500000e+01]]\n\n [[3.64500000e+01 2.23191879e-15 2.23191879e-15]\n  [0.00000000e+00 3.64500000e+01 2.23191879e-15]\n  [0.00000000e+00 0.00000000e+00 3.64500000e+01]]\n\n [[3.64500000e+01 2.23191879e-15 2.23191879e-15]\n  [0.00000000e+00 3.64500000e+01 2.23191879e-15]\n  [0.00000000e+00 0.00000000e+00 3.64500000e+01]]\n\n [[3.64500000e+01 2.23191879e-15 2.23191879e-15]\n  [0.00000000e+00 3.64500000e+01 2.23191879e-15]\n  [0.00000000e+00 0.00000000e+00 3.64500000e+01]]\n\n [[3.64500000e+01 2.23191879e-15 2.23191879e-15]\n  [0.00000000e+00 3.64500000e+01 2.23191879e-15]\n  [0.00000000e+00 0.00000000e+00 3.64500000e+01]]\n\n [[3.64500000e+01 2.23191879e-15 2.23191879e-15]\n  [0.00000000e+00 3.64500000e+01 2.23191879e-15]\n  [0.00000000e+00 0.00000000e+00 3.64500000e+01]]\n\n [[3.64500000e+01 2.23191879e-15 2.23191879e-15]\n  [0.00000000e+00 3.64500000e+01 2.23191879e-15]\n  [0.00000000e+00 0.00000000e+00 3.64500000e+01]]\n\n [[3.64500000e+01 2.23191879e-15 2.23191879e-15]\n  [0.00000000e+00 3.64500000e+01 2.23191879e-15]\n  [0.00000000e+00 0.00000000e+00 3.64500000e+01]]\n\n [[3.64500000e+01 2.23191879e-15 2.23191879e-15]\n  [0.00000000e+00 3.64500000e+01 2.23191879e-15]\n  [0.00000000e+00 0.00000000e+00 3.64500000e+01]]\n\n [[3.64500000e+01 2.23191879e-15 2.23191879e-15]\n  [0.00000000e+00 3.64500000e+01 2.23191879e-15]\n  [0.00000000e+00 0.00000000e+00 3.64500000e+01]]\n\n [[3.64500000e+01 2.23191879e-15 2.23191879e-15]\n  [0.00000000e+00 3.64500000e+01 2.23191879e-15]\n  [0.00000000e+00 0.00000000e+00 3.64500000e+01]]\n\n [[3.64500000e+01 2.23191879e-15 2.23191879e-15]\n  [0.00000000e+00 3.64500000e+01 2.23191879e-15]\n  [0.00000000e+00 0.00000000e+00 3.64500000e+01]]\n\n [[3.64500000e+01 2.23191879e-15 2.23191879e-15]\n  [0.00000000e+00 3.64500000e+01 2.23191879e-15]\n  [0.00000000e+00 0.00000000e+00 3.64500000e+01]]\n\n [[3.64500000e+01 2.23191879e-15 2.23191879e-15]\n  [0.00000000e+00 3.64500000e+01 2.23191879e-15]\n  [0.00000000e+00 0.00000000e+00 3.64500000e+01]]\n\n [[3.64500000e+01 2.23191879e-15 2.23191879e-15]\n  [0.00000000e+00 3.64500000e+01 2.23191879e-15]\n  [0.00000000e+00 0.00000000e+00 3.64500000e+01]]\n\n [[3.64500000e+01 2.23191879e-15 2.23191879e-15]\n  [0.00000000e+00 3.64500000e+01 2.23191879e-15]\n  [0.00000000e+00 0.00000000e+00 3.64500000e+01]]\n\n [[3.64500000e+01 2.23191879e-15 2.23191879e-15]\n  [0.00000000e+00 3.64500000e+01 2.23191879e-15]\n  [0.00000000e+00 0.00000000e+00 3.64500000e+01]]\n\n [[3.64500000e+01 2.23191879e-15 2.23191879e-15]\n  [0.00000000e+00 3.64500000e+01 2.23191879e-15]\n  [0.00000000e+00 0.00000000e+00 3.64500000e+01]]], 'angstrom')>, energy_pot=<Quantity([-9804.08962355 -9709.17112791 -9546.28381884 -9522.49134271\n -9589.26510294 -9612.17498351 -9601.98038442 -9614.06124393\n -9641.74630234 -9642.36289313 -9612.82800405 -9595.13255894\n -9609.4301159  -9624.42349553 -9616.89418707 -9605.33563422\n -9608.80452676 -9617.6675819  -9617.69368368 -9612.22844229\n -9613.65974687 -9620.33575756 -9619.33057737 -9610.33548198\n -9604.60337722 -9609.09201686 -9616.91980796 -9618.48107333\n -9612.4257737  -9608.39823239 -9614.19922044 -9618.7417485\n -9614.43395563 -9610.10928935 -9611.35238129 -9614.8263629\n -9616.10197488 -9615.99511331 -9615.99647034 -9616.22164954\n -9617.09331513 -9615.96724744 -9612.89423883 -9612.86159188\n -9617.56161921 -9621.810089   -9622.73875923 -9618.99359008\n -9612.81308982 -9611.23662065 -9616.23240245 -9619.45606749\n -9618.60050789 -9619.2112026  -9622.42327647 -9622.72286922\n -9619.13470587 -9615.64490068 -9612.13196669 -9610.19096079\n -9613.83985441 -9621.36571129 -9626.45028627 -9624.51512469\n -9617.58542017 -9613.35962642 -9612.42646293 -9613.25050364\n -9614.42753703 -9615.70477619 -9619.18952954 -9621.85031323\n -9618.91558432 -9613.18715636 -9610.15752059 -9612.35626825\n -9615.40717191 -9614.24249132 -9612.33999436 -9613.73203474\n -9617.90287079 -9618.82302228 -9615.32514883 -9614.78408715\n -9617.19323341 -9614.76956602 -9610.29949265 -9610.20007158\n -9613.18386547 -9613.87954111 -9612.44763507 -9612.2265271\n -9614.02143261 -9614.44455256 -9612.32698349 -9612.06488953\n -9616.72228382 -9619.87437961 -9617.97588041 -9615.82878927\n -9616.75929953], 'electron_volt')>, energy_tot=<Quantity([-9427.29630088 -9430.14696684 -9432.82349157 -9433.14423094\n -9432.46197988 -9431.11779442 -9429.84887403 -9428.59786876\n -9427.38813359 -9426.70956719 -9426.59728248 -9426.49789307\n -9426.12272411 -9425.59921798 -9425.20912449 -9424.90209584\n -9424.49520497 -9423.99938741 -9423.57006459 -9423.24848256\n -9422.96494608 -9422.73886581 -9422.67498343 -9422.7595396\n -9422.83422591 -9422.80728218 -9422.74305075 -9422.77967415\n -9422.94528544 -9423.13258663 -9423.2946694  -9423.5107131\n -9423.84002756 -9424.21163482 -9424.54837222 -9424.86419284\n -9425.20921977 -9425.60463137 -9426.04263383 -9426.51076414\n -9427.00943396 -9427.53249825 -9428.0367887  -9428.46758844\n -9428.83561118 -9429.21325813 -9429.67512814 -9430.21492958\n -9430.73337493 -9431.12233644 -9431.37229576 -9431.54923363\n -9431.70507951 -9431.83867285 -9431.96559155 -9432.12935211\n -9432.32782949 -9432.50022218 -9432.56929247 -9432.46965105\n -9432.17453759 -9431.73757478 -9431.29589688 -9430.96775402\n -9430.73411841 -9430.48549004 -9430.13305421 -9429.65825193\n -9429.08087121 -9428.4381376  -9427.78194397 -9427.19231664\n -9426.7309528  -9426.36283953 -9425.98788448 -9425.55230078\n -9425.08847262 -9424.65426088 -9424.25553538 -9423.86590764\n -9423.51500222 -9423.27611974 -9423.17160248 -9423.15605392\n -9423.21983895 -9423.38146456 -9423.599644   -9423.80261812\n -9423.984236   -9424.18422617 -9424.4165587  -9424.65943597\n -9424.9117689  -9425.19679182 -9425.51472865 -9425.83051291\n -9426.15521196 -9426.56256895 -9427.10480065 -9427.7480472\n -9428.45286562], 'electron_volt')>, forces=<Quantity([[[-1.58484337e-14  3.96502740e-09  3.96501847e-09]\n  [-2.06085149e-14 -6.65183464e-11 -6.65185129e-11]\n  [ 6.91113833e-15  3.96503048e-09 -6.65184435e-11]\n  ...\n  [ 3.07774639e-14 -3.96499166e-09 -3.96502121e-09]\n  [ 5.53168622e-14  6.65249245e-11 -3.96501280e-09]\n  [ 5.52335955e-14 -3.96499497e-09  6.65076327e-11]]\n\n [[ 2.77309251e-01 -1.68697861e-01  4.19053322e-01]\n  [ 1.38680086e-01 -8.45388934e-01 -3.61061421e-02]\n  [-8.87498228e-01  6.11975081e-01  7.24040835e-02]\n  ...\n  [ 1.83136063e-02  6.05023864e-01  4.82771186e-01]\n  [ 2.13586244e-02  3.37708569e-01 -4.92251103e-01]\n  [ 1.69291565e-01 -2.15498167e-01 -4.96162432e-01]]\n\n [[ 4.19706439e-01 -2.58069978e-01  6.85029781e-01]\n  [ 2.46373546e-01 -1.31852991e+00 -1.05453172e-01]\n  [-1.48936377e+00  1.12700710e+00  1.32940495e-01]\n  ...\n  [ 1.50344842e-02  9.52508148e-01  7.71947425e-01]\n  [ 7.67492029e-02  7.27131132e-01 -7.30057856e-01]\n  [ 9.95586783e-02 -4.16246255e-01 -8.15846492e-01]]\n\n ...\n\n [[ 2.58113604e-01  3.97922516e-01  3.76714201e-01]\n  [ 1.77028861e-01  1.17095259e-01 -1.49863798e-01]\n  [ 8.15255789e-02 -2.63070986e-01  4.03333239e-01]\n  ...\n  [ 2.16562721e-01  4.12716598e-04 -4.44252687e-01]\n  [ 3.21789297e-01  5.48567847e-01  1.53861622e+00]\n  [ 1.76909201e-01  1.20392952e+00 -7.87512620e-03]]\n\n [[ 1.63499317e-01  9.15990048e-01  3.41233741e-01]\n  [-6.97519804e-02  1.53321531e-01 -6.78174758e-03]\n  [ 4.37417979e-01 -1.77880417e-01  2.50861883e-01]\n  ...\n  [-1.82369179e-01 -1.25269029e-02 -2.04441882e-01]\n  [-2.69408979e-01  5.06668553e-01  1.52094062e+00]\n  [ 4.76290875e-01  1.57073823e+00  1.12652414e-01]]\n\n [[ 5.80859337e-02  1.00367113e+00  1.44444415e-01]\n  [-4.18668319e-01  8.48949618e-02  2.41110957e-01]\n  [ 7.95372374e-01 -7.11461129e-02 -5.18315197e-02]\n  ...\n  [-5.06458926e-01  7.32828893e-03  2.82339323e-02]\n  [-3.91701507e-01  3.87958654e-01  8.29508850e-01]\n  [ 6.60097218e-01  1.02461630e+00  4.14262179e-02]]], 'electron_volt / angstrom')>, indices=array([[0, 0, 0, ..., 0, 0, 0],\n       [0, 0, 0, ..., 0, 0, 0],\n       [0, 0, 0, ..., 0, 0, 0],\n       ...,\n       [0, 0, 0, ..., 0, 0, 0],\n       [0, 0, 0, ..., 0, 0, 0],\n       [0, 0, 0, ..., 0, 0, 0]]), natoms=array([2916., 2916., 2916., 2916., 2916., 2916., 2916., 2916., 2916.,\n       2916., 2916., 2916., 2916., 2916., 2916., 2916., 2916., 2916.,\n       2916., 2916., 2916., 2916., 2916., 2916., 2916., 2916., 2916.,\n       2916., 2916., 2916., 2916., 2916., 2916., 2916., 2916., 2916.,\n       2916., 2916., 2916., 2916., 2916., 2916., 2916., 2916., 2916.,\n       2916., 2916., 2916., 2916., 2916., 2916., 2916., 2916., 2916.,\n       2916., 2916., 2916., 2916., 2916., 2916., 2916., 2916., 2916.,\n       2916., 2916., 2916., 2916., 2916., 2916., 2916., 2916., 2916.,\n       2916., 2916., 2916., 2916., 2916., 2916., 2916., 2916., 2916.,\n       2916., 2916., 2916., 2916., 2916., 2916., 2916., 2916., 2916.,\n       2916., 2916., 2916., 2916., 2916., 2916., 2916., 2916., 2916.,\n       2916., 2916.]), positions=<Quantity([[[0.00000000e+00 0.00000000e+00 0.00000000e+00]\n  [0.00000000e+00 2.02500000e+00 2.02500000e+00]\n  [2.02500000e+00 1.23995488e-16 2.02500000e+00]\n  ...\n  [3.24000000e+01 3.44250000e+01 3.44250000e+01]\n  [3.44250000e+01 3.24000000e+01 3.44250000e+01]\n  [3.44250000e+01 3.44250000e+01 3.24000000e+01]]\n\n [[3.64100928e+01 3.64457272e+01 3.64351676e+01]\n  [3.64203505e+01 2.06473061e+00 2.03741223e+00]\n  [2.06237234e+00 3.63837751e+01 2.00522245e+00]\n  ...\n  [3.23798710e+01 3.43471875e+01 3.43395828e+01]\n  [3.44122117e+01 3.23087439e+01 3.44809476e+01]\n  [3.44530986e+01 3.44215987e+01 3.24917283e+01]]\n\n [[3.63799325e+01 3.64357136e+01 3.64349242e+01]\n  [3.63957740e+01 2.07513356e+00 2.04831656e+00]\n  [2.06853563e+00 3.63396753e+01 1.98812503e+00]\n  ...\n  [3.23604794e+01 3.42907108e+01 3.42713620e+01]\n  [3.44003853e+01 3.22303153e+01 3.45197498e+01]\n  [3.44863350e+01 3.44106008e+01 3.25656762e+01]]\n\n ...\n\n [[8.81157303e-02 3.64962797e-02 3.63944586e+01]\n  [1.53312015e-01 2.13753840e+00 1.97460306e+00]\n  [2.09141449e+00 5.79880540e-02 1.97008736e+00]\n  ...\n  [3.24735751e+01 3.44144574e+01 3.45577141e+01]\n  [3.44582542e+01 3.23276652e+01 3.43248104e+01]\n  [3.44154267e+01 3.43403251e+01 3.24740894e+01]]\n\n [[1.00722225e-01 3.64436963e+01 3.64053311e+01]\n  [2.23313980e-01 2.13208473e+00 1.92247213e+00]\n  [2.06725117e+00 6.08633325e-02 2.00543247e+00]\n  ...\n  [3.25041705e+01 3.44069393e+01 3.45181320e+01]\n  [3.45087582e+01 3.23166685e+01 3.43105483e+01]\n  [3.43738209e+01 3.43169086e+01 3.24482598e+01]]\n\n [[1.19139114e-01 3.64323751e+01 3.64278592e+01]\n  [2.90385910e-01 2.13182424e+00 1.87050130e+00]\n  [2.05879308e+00 5.74241237e-02 2.04922298e+00]\n  ...\n  [3.25284348e+01 3.43990771e+01 3.44712897e+01]\n  [3.45510797e+01 3.23235717e+01 3.43485605e+01]\n  [3.43489725e+01 3.43467849e+01 3.24258566e+01]]], 'angstrom')>, pressures=<Quantity([[[ 9.51082199e-01 -1.34571372e-02 -2.64864585e-03]\n  [-1.34571372e-02  9.21211180e-01  1.64664295e-02]\n  [-2.64864585e-03  1.64664295e-02  9.62473288e-01]]\n\n [[ 2.03847824e+00 -7.40946118e-03 -3.08262400e-03]\n  [-7.40946118e-03  2.01139895e+00  1.96361354e-02]\n  [-3.08262400e-03  1.96361354e-02  2.02922374e+00]]\n\n [[ 3.84035376e+00  3.06061751e-03  4.81924870e-03]\n  [ 3.06061751e-03  3.81865924e+00  2.89510326e-02]\n  [ 4.81924870e-03  2.89510326e-02  3.78262191e+00]]\n\n [[ 4.08361371e+00 -6.28458744e-03  1.44718085e-02]\n  [-6.28458744e-03  4.08355471e+00  2.53581875e-02]\n  [ 1.44718085e-02  2.53581875e-02  4.00076149e+00]]\n\n [[ 3.28982237e+00 -3.65940557e-02  1.59564945e-02]\n  [-3.65940557e-02  3.33332223e+00  2.09908507e-02]\n  [ 1.59564945e-02  2.09908507e-02  3.24333471e+00]]\n\n [[ 3.01661253e+00 -6.94904292e-02  1.97267150e-02]\n  [-6.94904292e-02  3.08185790e+00  1.87845038e-02]\n  [ 1.97267150e-02  1.87845038e-02  3.00888961e+00]]\n\n [[ 3.18867032e+00 -8.22380667e-02  1.86426162e-02]\n  [-8.22380667e-02  3.21219891e+00  7.63676352e-03]\n  [ 1.86426162e-02  7.63676352e-03  3.14960163e+00]]\n\n [[ 3.10361122e+00 -5.17623163e-02  3.64075735e-03]\n  [-5.17623163e-02  3.06438453e+00  1.80802397e-03]\n  [ 3.64075735e-03  1.80802397e-03  3.00282853e+00]]\n\n [[ 2.78745283e+00 -2.13663176e-02 -5.94017683e-03]\n  [-2.13663176e-02  2.71926480e+00  2.09555926e-02]\n  [-5.94017683e-03  2.09555926e-02  2.67122013e+00]]\n\n [[ 2.74672080e+00 -4.42084783e-02  6.18271028e-03]\n  [-4.42084783e-02  2.69679331e+00  4.64190022e-02]\n  [ 6.18271028e-03  4.64190022e-02  2.68492442e+00]]\n\n [[ 3.05568886e+00 -8.13947594e-02  2.19682440e-02]\n  [-8.13947594e-02  3.04641907e+00  3.11956814e-02]\n  [ 2.19682440e-02  3.11956814e-02  3.05554381e+00]]\n\n [[ 3.25290911e+00 -7.28829213e-02  1.84345662e-02]\n  [-7.28829213e-02  3.25843420e+00 -1.45559976e-02]\n  [ 1.84345662e-02 -1.45559976e-02  3.27093146e+00]]\n\n [[ 3.09308443e+00 -3.05829958e-02  1.09433157e-02]\n  [-3.05829958e-02  3.08271154e+00 -3.89591372e-02]\n  [ 1.09433157e-02 -3.89591372e-02  3.10608585e+00]]\n\n [[ 2.92791035e+00 -7.62261523e-03  1.76676145e-02]\n  [-7.62261523e-03  2.89597543e+00 -3.02233306e-02]\n  [ 1.76676145e-02 -3.02233306e-02  2.93416791e+00]]\n\n [[ 3.01790646e+00 -7.49029778e-03  3.72534642e-02]\n  [-7.49029778e-03  2.99266169e+00 -8.88278151e-03]\n  [ 3.72534642e-02 -8.88278151e-03  3.02430146e+00]]\n\n [[ 3.14767751e+00 -1.16897788e-02  3.87217166e-02]\n  [-1.16897788e-02  3.15506138e+00 -4.09378253e-03]\n  [ 3.87217166e-02 -4.09378253e-03  3.15382594e+00]]\n\n [[ 3.09963239e+00 -9.00407994e-04  1.16036014e-02]\n  [-9.00407994e-04  3.14190756e+00 -3.31679750e-02]\n  [ 1.16036014e-02 -3.31679750e-02  3.08329701e+00]]\n\n [[ 2.99383753e+00  3.95853419e-02 -9.78335917e-03]\n  [ 3.95853419e-02  3.04654933e+00 -5.62560540e-02]\n  [-9.78335917e-03 -5.62560540e-02  2.94071733e+00]]\n\n [[ 3.01251613e+00  5.94939065e-02 -8.65159045e-03]\n  [ 5.94939065e-02  3.02594927e+00 -2.92940880e-02]\n  [-8.65159045e-03 -2.92940880e-02  2.94112133e+00]]\n\n [[ 3.09667320e+00  3.12466478e-02  9.50640284e-03]\n  [ 3.12466478e-02  3.04886748e+00  2.84465562e-02]\n  [ 9.50640284e-03  2.84465562e-02  3.05631340e+00]]\n\n [[ 3.07689047e+00  1.90502810e-02  9.23679455e-03]\n  [ 1.90502810e-02  3.00532492e+00  4.61022068e-02]\n  [ 9.23679455e-03  4.61022068e-02  3.08801059e+00]]\n\n [[ 2.98075091e+00  3.42543177e-02 -1.26899810e-02]\n  [ 3.42543177e-02  2.93880481e+00 -2.94719787e-03]\n  [-1.26899810e-02 -2.94719787e-03  3.01334531e+00]]\n\n [[ 2.97178397e+00  3.24349269e-02 -1.56893301e-02]\n  [ 3.24349269e-02  2.98295788e+00 -5.30398121e-02]\n  [-1.56893301e-02 -5.30398121e-02  3.00502624e+00]]\n\n [[ 3.07827388e+00  8.31832051e-03  5.03329296e-03]\n  [ 8.31832051e-03  3.11979798e+00 -3.98010988e-02]\n  [ 5.03329296e-03 -3.98010988e-02  3.08179669e+00]]\n\n [[ 3.16897297e+00  1.26449229e-03  2.35534342e-02]\n  [ 1.26449229e-03  3.20079574e+00  1.51023677e-02]\n  [ 2.35534342e-02  1.51023677e-02  3.11976703e+00]]\n\n [[ 3.11860902e+00  2.41626493e-02  1.65718153e-02]\n  [ 2.41626493e-02  3.13969637e+00  6.47583411e-02]\n  [ 1.65718153e-02  6.47583411e-02  3.07063103e+00]]\n\n [[ 3.00635101e+00  4.03051242e-02 -8.63365091e-03]\n  [ 4.03051242e-02  3.03108854e+00  7.55740453e-02]\n  [-8.63365091e-03  7.55740453e-02  3.00371618e+00]]\n\n [[ 2.98368481e+00  2.74693047e-02 -2.34933680e-02]\n  [ 2.74693047e-02  3.00187570e+00  5.62269128e-02]\n  [-2.34933680e-02  5.62269128e-02  3.00176524e+00]]\n\n [[ 3.06716236e+00 -1.08427773e-02 -2.50988474e-02]\n  [-1.08427773e-02  3.06615561e+00  4.55816916e-02]\n  [-2.50988474e-02  4.55816916e-02  3.06924951e+00]]\n\n [[ 3.12059092e+00 -3.31361014e-02 -2.78205706e-02]\n  [-3.31361014e-02  3.11208319e+00  4.07714611e-02]\n  [-2.78205706e-02  4.07714611e-02  3.10578748e+00]]\n\n [[ 3.04743802e+00 -2.82272673e-03 -3.41834029e-02]\n  [-2.82272673e-03  3.05516961e+00  2.30135891e-02]\n  [-3.41834029e-02  2.30135891e-02  3.03443527e+00]]\n\n [[ 2.99151519e+00  4.35601152e-02 -3.82497375e-02]\n  [ 4.35601152e-02  3.01083492e+00  3.53833162e-03]\n  [-3.82497375e-02  3.53833162e-03  2.97333680e+00]]\n\n [[ 3.05015524e+00  6.86246575e-02 -3.16265466e-02]\n  [ 6.86246575e-02  3.06304387e+00 -1.63987434e-02]\n  [-3.16265466e-02 -1.63987434e-02  3.00497769e+00]]\n\n [[ 3.10263603e+00  6.02126574e-02 -7.85632422e-03]\n  [ 6.02126574e-02  3.11137138e+00 -3.99835598e-02]\n  [-7.85632422e-03 -3.99835598e-02  3.05231465e+00]]\n\n [[ 3.05963735e+00  3.23107717e-02  1.13316289e-02]\n  [ 3.23107717e-02  3.09246776e+00 -4.06295900e-02]\n  [ 1.13316289e-02 -4.06295900e-02  3.06326169e+00]]\n\n [[ 2.98021932e+00  1.29569664e-02  9.59569994e-03]\n  [ 1.29569664e-02  3.05729892e+00 -2.46208412e-02]\n  [ 9.59569994e-03 -2.46208412e-02  3.05229763e+00]]\n\n [[ 2.96602563e+00  1.61166297e-02 -2.83510294e-03]\n  [ 1.61166297e-02  3.06078479e+00 -2.61076526e-02]\n  [-2.83510294e-03 -2.61076526e-02  3.02734575e+00]]\n\n [[ 3.00449139e+00  3.02675106e-02 -7.98542921e-03]\n  [ 3.02675106e-02  3.07095588e+00 -4.69856675e-02]\n  [-7.98542921e-03 -4.69856675e-02  2.99269039e+00]]\n\n [[ 3.04892415e+00  2.57852398e-02 -6.65486056e-03]\n  [ 2.57852398e-02  3.05482498e+00 -6.37321942e-02]\n  [-6.65486056e-03 -6.37321942e-02  2.96997398e+00]]\n\n [[ 3.06844459e+00  2.26874365e-03  2.49901716e-03]\n  [ 2.26874365e-03  3.00982678e+00 -6.81092489e-02]\n  [ 2.49901716e-03 -6.81092489e-02  2.98507822e+00]]\n\n [[ 3.04746436e+00 -1.39900041e-02  1.59764079e-02]\n  [-1.39900041e-02  2.97014920e+00 -5.60530682e-02]\n  [ 1.59764079e-02 -5.60530682e-02  3.01620674e+00]]\n\n [[ 3.03978593e+00 -9.01515327e-03  3.35863068e-04]\n  [-9.01515327e-03  2.99990260e+00 -2.60664087e-02]\n  [ 3.35863068e-04 -2.60664087e-02  3.02639636e+00]]\n\n [[ 3.07441174e+00  1.85088225e-02 -1.61342415e-02]\n  [ 1.85088225e-02  3.07642603e+00 -9.64601702e-03]\n  [-1.61342415e-02 -9.64601702e-03  3.02050299e+00]]\n\n [[ 3.07759980e+00  5.72916456e-02 -4.80233374e-04]\n  [ 5.72916456e-02  3.09508044e+00 -6.18428238e-03]\n  [-4.80233374e-04 -6.18428238e-03  3.00407111e+00]]\n\n [[ 3.01079575e+00  6.53920528e-02  1.61147981e-02]\n  [ 6.53920528e-02  3.02544946e+00  8.76491230e-03]\n  [ 1.61147981e-02  8.76491230e-03  2.97328654e+00]]\n\n [[ 2.95704703e+00  3.84700290e-02  1.42053527e-02]\n  [ 3.84700290e-02  2.94282250e+00  1.46652053e-02]\n  [ 1.42053527e-02  1.46652053e-02  2.95239839e+00]]\n\n [[ 2.95638688e+00  1.58163129e-02 -1.70087634e-03]\n  [ 1.58163129e-02  2.91967092e+00  9.42611181e-03]\n  [-1.70087634e-03  9.42611181e-03  2.94223576e+00]]\n\n [[ 2.99457919e+00  2.23840632e-02 -2.45113131e-02]\n  [ 2.23840632e-02  2.99605699e+00  1.16697924e-03]\n  [-2.45113131e-02  1.16697924e-03  2.95607681e+00]]\n\n [[ 3.0358